44880,44870,44850,44830,44810,44800,44780,44760,44750,44730,44720,44700,44720,44720,44720,44730,44720,44740,44720,44750,44750,44760,44770,44770,44780,44790,44790,44800,44810

44820,44820,44830,44840,44840,44840,44850,44850,44850,44860,44860,44860,44860,44860,44870,44870,44870,44870,44870,44880,44880,44880,44880,44880,44890,44890,44890,44890,44890,44890,44890

43990,44060,44120,44180,44240,44300,44360,44420,44480,44530,44590,44650,44700,44750,44770,44810,44840,44870,44900,44930,44950,44980,45000,45020,44990,44970,44960,44950,44930,44920,44900













